100
mittens 4035 6652 5832 257 8731 2796
whiskers 4251 337 7634 5850 7788 9672
shadow 7194 9465 670 9993 7583 1572
tiger 7014 3914 3525 4880 3589 6000
luna 4641 3067 6775 7810 6685 9268
cleo 2186 2274 8261 5769 8910 194
mochi 1373 7349 2528 2095 9876 5953
pepper 5427 3453 3466 5361 855 381
oreo 2027 7210 8189 8720 638 1418
willow 4776 9621 1294 4804 1203 428
jasper 3998 4477 6092 5699 1686 9609
nala 4907 3172 4949 6265 1607 5252
binx 9816 3389 2863 2771 152 2092
sable 6109 2469 5127 4570 2368 6547
poppy 2445 301 1768 2310 902 1791
marble 6353 69 2790 6289 8651 2858
stormy 4769 9970 7763 3538 4082 4495
snowball 4139 4711 9433 2534 5607 4085
butters 4089 8595 8566 8866 9847 416
smokey 4420 6996 9338 9445 7040 4717
ginger 8674 3320 1615 862 3821 3117
toby 5451 1447 8157 3884 7318 535
milo 1721 2611 2871 5854 5038 7469
leo 5248 7853 9852 9946 7660 8596
bella 2126 4224 1798 9596 4688 9644
daisy 8787 2059 5518 8340 1004 283
olive 3508 8910 5732 9709 9297 4366
hazel 763 9485 7097 9877 3915 7389
ivy 2003 4030 4982 3001 2222 1848
maple 9634 861 2857 4122 8327 6900
peanut 5731 916 2479 7395 8392 3870
chili 3638 983 7624 314 1014 3789
biscuit 8634 1663 4973 6908 2592 5545
pumpkin 4295 580 9264 6752 2274 2227
latte 5721 1380 4303 9160 2834 5244
toffee 1709 7697 5163 784 5757 5307
cookie 2074 9498 3292 3653 6749 9621
waffle 7378 9497 1833 7804 9477 8681
caramel 7306 6333 3532 1375 7706 8374
truffle 7153 1380 6721 4137 8255 8441
cinnamon 1546 431 1920 1521 9361 3095
nutmeg 3461 844 6242 3930 4739 6624
clover 2890 2101 1258 7186 6262 8028
lilac 8505 2860 6424 1774 4371 843
iris 2069 1025 594 2911 7397 7262
pansy 3307 7236 8894 3296 9864 897
tulip 4813 9239 4831 8567 770 3418
dandelion 5927 3477 6437 4006 7770 2663
rose 5747 4396 7195 1987 5381 7411
violet 7349 3355 7936 9646 6703 3225
lotus 9516 9323 2935 1963 2102 6444
magnolia 4600 9883 9535 7000 7438 3531
petal 8315 8997 3375 5857 1578 7217
blossom 7014 3776 2470 1654 340 7579
dew 5036 3865 5437 2248 3717 1823
misty 1135 1454 2121 9754 5088 7723
cloud 2513 5409 9087 8172 1168 9956
breeze 9367 6422 7187 2491 7023 4301
skye 5388 5723 106 7990 4517 858
comet 8012 3800 9980 9087 1866 6617
nova 3753 2855 7127 961 3065 4014
cosmo 8103 3444 7161 3891 1726 7446
astro 2682 9923 5365 7304 6627 1382
orbit 5673 6977 6096 1814 9002 1565
galaxy 927 3672 1513 7606 7471 4142
nebula 5794 1893 7833 8435 4292 2740
meteor 6150 9104 209 3143 6566 8298
rocket 6637 5128 827 299 5823 2709
saturn 58 173 2458 3399 3510 3597
venus 4353 3474 2021 2034 6803 7833
mercury 397 8338 6553 3096 5496 2620
pluto 2198 3131 3693 3264 2131 9914
apollo 6210 93 7236 5738 8922 4322
atlas 8586 2355 1563 1704 6229 6704
zephyr 9969 9273 5882 7307 5630 9914
echo 5386 7521 1126 4417 3084 6530
loki 6445 9752 4209 9099 9531 1210
thor 2729 9499 2319 3507 1826 3933
odin 6873 593 7282 6718 7415 9094
frey 9656 2689 9650 7862 9307 1258
hera 1373 7470 2177 3158 4991 5869
apollojr 7365 6527 4929 5565 3927 9223
gaia 291 9088 5417 5289 9633 3034
selene 7401 2661 1958 1441 6157 5213
helios 4234 3778 6488 9253 8400 3144
aurora 6245 3043 1180 6366 4013 6129
sol 4604 5297 3265 7597 9745 9775
lumen 1747 9013 9572 8380 9201 3697
flare 550 8213 3405 6455 7436 2150
spark 704 19 3917 9669 6701 1455
ember 6518 3280 3882 3665 6253 1211
glow 7122 9719 4424 8873 4601 3743
shine 9403 7309 7876 7931 224 1844
flash 1661 1572 6748 6029 6837 580
flicker 3332 1874 7763 5208 3437 6557
beam 8855 3075 1601 3401 3825 7016
ray 5746 4033 731 4623 8808 4133
halo 9286 6927 8321 2354 140 7091
glimmer 6697 869 8376 8897 1766 6771
shimmer 9562 2085 4566 403 5295 6605
4
