900001 CAT0000001 3 5 7 5.00
900002 CAT0000002 6 10 14 10.00
900003 CAT0000003 9 15 21 15.00
900004 CAT0000004 12 20 28 20.00
900005 CAT0000005 15 25 35 25.00
900006 CAT0000006 18 30 42 30.00
900007 CAT0000007 21 35 49 35.00
900008 CAT0000008 24 40 56 40.00
900009 CAT0000009 27 45 63 45.00
900010 CAT0000010 30 50 70 50.00
900011 CAT0000011 33 55 77 55.00
900012 CAT0000012 36 60 84 60.00
900013 CAT0000013 39 65 91 65.00
900014 CAT0000014 42 70 98 70.00
900015 CAT0000015 45 75 5 41.67
900016 CAT0000016 48 80 12 46.67
900017 CAT0000017 51 85 19 51.67
900018 CAT0000018 54 90 26 56.67
900019 CAT0000019 57 95 33 61.67
900020 CAT0000020 60 0 40 33.33
900021 CAT0000021 63 5 47 38.33
900022 CAT0000022 66 10 54 43.33
900023 CAT0000023 69 15 61 48.33
900024 CAT0000024 72 20 68 53.33
900025 CAT0000025 75 25 75 58.33
900026 CAT0000026 78 30 82 63.33
900027 CAT0000027 81 35 89 68.33
900028 CAT0000028 84 40 96 73.33
900029 CAT0000029 87 45 3 45.00
900030 CAT0000030 90 50 10 50.00
900031 CAT0000031 93 55 17 55.00
900032 CAT0000032 96 60 24 60.00
900033 CAT0000033 99 65 31 65.00
900034 CAT0000034 2 70 38 36.67
900035 CAT0000035 5 75 45 41.67
900036 CAT0000036 8 80 52 46.67
900037 CAT0000037 11 85 59 51.67
900038 CAT0000038 14 90 66 56.67
900039 CAT0000039 17 95 73 61.67
900040 CAT0000040 20 0 80 33.33
900041 CAT0000041 23 5 87 38.33
900042 CAT0000042 26 10 94 43.33
900043 CAT0000043 29 15 1 15.00
900044 CAT0000044 32 20 8 20.00
900045 CAT0000045 35 25 15 25.00
900046 CAT0000046 38 30 22 30.00
900047 CAT0000047 41 35 29 35.00
900048 CAT0000048 44 40 36 40.00
900049 CAT0000049 47 45 43 45.00
900050 CAT0000050 50 50 50 50.00
900051 CAT0000051 53 55 57 55.00
900052 CAT0000052 56 60 64 60.00
900053 CAT0000053 59 65 71 65.00
900054 CAT0000054 62 70 78 70.00
900055 CAT0000055 65 75 85 75.00
900056 CAT0000056 68 80 92 80.00
900057 CAT0000057 71 85 99 85.00
900058 CAT0000058 74 90 6 56.67
900059 CAT0000059 77 95 13 61.67
900060 CAT0000060 80 0 20 33.33
900061 CAT0000061 83 5 27 38.33
900062 CAT0000062 86 10 34 43.33
900063 CAT0000063 89 15 41 48.33
900064 CAT0000064 92 20 48 53.33
900065 CAT0000065 95 25 55 58.33
900066 CAT0000066 98 30 62 63.33
900067 CAT0000067 1 35 69 35.00
900068 CAT0000068 4 40 76 40.00
900069 CAT0000069 7 45 83 45.00
900070 CAT0000070 10 50 90 50.00
900071 CAT0000071 13 55 97 55.00
900072 CAT0000072 16 60 4 26.67
900073 CAT0000073 19 65 11 31.67
900074 CAT0000074 22 70 18 36.67
900075 CAT0000075 25 75 25 41.67
900076 CAT0000076 28 80 32 46.67
900077 CAT0000077 31 85 39 51.67
900078 CAT0000078 34 90 46 56.67
900079 CAT0000079 37 95 53 61.67
900080 CAT0000080 40 0 60 33.33
900081 CAT0000081 43 5 67 38.33
900082 CAT0000082 46 10 74 43.33
900083 CAT0000083 49 15 81 48.33
900084 CAT0000084 52 20 88 53.33
900085 CAT0000085 55 25 95 58.33
900086 CAT0000086 58 30 2 30.00
900087 CAT0000087 61 35 9 35.00
900088 CAT0000088 64 40 16 40.00
900089 CAT0000089 67 45 23 45.00
900090 CAT0000090 70 50 30 50.00
900091 CAT0000091 73 55 37 55.00
900092 CAT0000092 76 60 44 60.00
900093 CAT0000093 79 65 51 65.00
900094 CAT0000094 82 70 58 70.00
900095 CAT0000095 85 75 65 75.00
900096 CAT0000096 88 80 72 80.00
900097 CAT0000097 91 85 79 85.00
900098 CAT0000098 94 90 86 90.00
900099 CAT0000099 97 95 93 95.00
900100 CAT0000100 0 0 0 0.00
900101 CAT0000101 3 5 7 5.00
900102 CAT0000102 6 10 14 10.00
900103 CAT0000103 9 15 21 15.00
900104 CAT0000104 12 20 28 20.00
900105 CAT0000105 15 25 35 25.00
900106 CAT0000106 18 30 42 30.00
900107 CAT0000107 21 35 49 35.00
900108 CAT0000108 24 40 56 40.00
900109 CAT0000109 27 45 63 45.00
900110 CAT0000110 30 50 70 50.00
900111 CAT0000111 33 55 77 55.00
900112 CAT0000112 36 60 84 60.00
900113 CAT0000113 39 65 91 65.00
900114 CAT0000114 42 70 98 70.00
900115 CAT0000115 45 75 5 41.67
900116 CAT0000116 48 80 12 46.67
900117 CAT0000117 51 85 19 51.67
900118 CAT0000118 54 90 26 56.67
900119 CAT0000119 57 95 33 61.67
900120 CAT0000120 60 0 40 33.33
900121 CAT0000121 63 5 47 38.33
900122 CAT0000122 66 10 54 43.33
900123 CAT0000123 69 15 61 48.33
900124 CAT0000124 72 20 68 53.33
900125 CAT0000125 75 25 75 58.33
900126 CAT0000126 78 30 82 63.33
900127 CAT0000127 81 35 89 68.33
900128 CAT0000128 84 40 96 73.33
900129 CAT0000129 87 45 3 45.00
900130 CAT0000130 90 50 10 50.00
900131 CAT0000131 93 55 17 55.00
900132 CAT0000132 96 60 24 60.00
900133 CAT0000133 99 65 31 65.00
900134 CAT0000134 2 70 38 36.67
900135 CAT0000135 5 75 45 41.67
900136 CAT0000136 8 80 52 46.67
900137 CAT0000137 11 85 59 51.67
900138 CAT0000138 14 90 66 56.67
900139 CAT0000139 17 95 73 61.67
900140 CAT0000140 20 0 80 33.33
900141 CAT0000141 23 5 87 38.33
900142 CAT0000142 26 10 94 43.33
900143 CAT0000143 29 15 1 15.00
900144 CAT0000144 32 20 8 20.00
900145 CAT0000145 35 25 15 25.00
900146 CAT0000146 38 30 22 30.00
900147 CAT0000147 41 35 29 35.00
900148 CAT0000148 44 40 36 40.00
900149 CAT0000149 47 45 43 45.00
900150 CAT0000150 50 50 50 50.00
900151 CAT0000151 53 55 57 55.00
900152 CAT0000152 56 60 64 60.00
900153 CAT0000153 59 65 71 65.00
900154 CAT0000154 62 70 78 70.00
900155 CAT0000155 65 75 85 75.00
900156 CAT0000156 68 80 92 80.00
900157 CAT0000157 71 85 99 85.00
900158 CAT0000158 74 90 6 56.67
900159 CAT0000159 77 95 13 61.67
900160 CAT0000160 80 0 20 33.33
900161 CAT0000161 83 5 27 38.33
900162 CAT0000162 86 10 34 43.33
900163 CAT0000163 89 15 41 48.33
900164 CAT0000164 92 20 48 53.33
900165 CAT0000165 95 25 55 58.33
900166 CAT0000166 98 30 62 63.33
900167 CAT0000167 1 35 69 35.00
900168 CAT0000168 4 40 76 40.00
900169 CAT0000169 7 45 83 45.00
900170 CAT0000170 10 50 90 50.00
900171 CAT0000171 13 55 97 55.00
900172 CAT0000172 16 60 4 26.67
900173 CAT0000173 19 65 11 31.67
900174 CAT0000174 22 70 18 36.67
900175 CAT0000175 25 75 25 41.67
900176 CAT0000176 28 80 32 46.67
900177 CAT0000177 31 85 39 51.67
900178 CAT0000178 34 90 46 56.67
900179 CAT0000179 37 95 53 61.67
900180 CAT0000180 40 0 60 33.33
900181 CAT0000181 43 5 67 38.33
900182 CAT0000182 46 10 74 43.33
900183 CAT0000183 49 15 81 48.33
900184 CAT0000184 52 20 88 53.33
900185 CAT0000185 55 25 95 58.33
900186 CAT0000186 58 30 2 30.00
900187 CAT0000187 61 35 9 35.00
900188 CAT0000188 64 40 16 40.00
900189 CAT0000189 67 45 23 45.00
900190 CAT0000190 70 50 30 50.00
900191 CAT0000191 73 55 37 55.00
900192 CAT0000192 76 60 44 60.00
900193 CAT0000193 79 65 51 65.00
900194 CAT0000194 82 70 58 70.00
900195 CAT0000195 85 75 65 75.00
900196 CAT0000196 88 80 72 80.00
900197 CAT0000197 91 85 79 85.00
900198 CAT0000198 94 90 86 90.00
900199 CAT0000199 97 95 93 95.00
900200 CAT0000200 0 0 0 0.00
900201 CAT0000201 3 5 7 5.00
900202 CAT0000202 6 10 14 10.00
900203 CAT0000203 9 15 21 15.00
900204 CAT0000204 12 20 28 20.00
900205 CAT0000205 15 25 35 25.00
900206 CAT0000206 18 30 42 30.00
900207 CAT0000207 21 35 49 35.00
900208 CAT0000208 24 40 56 40.00
900209 CAT0000209 27 45 63 45.00
900210 CAT0000210 30 50 70 50.00
900211 CAT0000211 33 55 77 55.00
900212 CAT0000212 36 60 84 60.00
900213 CAT0000213 39 65 91 65.00
900214 CAT0000214 42 70 98 70.00
900215 CAT0000215 45 75 5 41.67
900216 CAT0000216 48 80 12 46.67
900217 CAT0000217 51 85 19 51.67
900218 CAT0000218 54 90 26 56.67
900219 CAT0000219 57 95 33 61.67
900220 CAT0000220 60 0 40 33.33
900221 CAT0000221 63 5 47 38.33
900222 CAT0000222 66 10 54 43.33
900223 CAT0000223 69 15 61 48.33
900224 CAT0000224 72 20 68 53.33
900225 CAT0000225 75 25 75 58.33
900226 CAT0000226 78 30 82 63.33
900227 CAT0000227 81 35 89 68.33
900228 CAT0000228 84 40 96 73.33
900229 CAT0000229 87 45 3 45.00
900230 CAT0000230 90 50 10 50.00
900231 CAT0000231 93 55 17 55.00
900232 CAT0000232 96 60 24 60.00
900233 CAT0000233 99 65 31 65.00
900234 CAT0000234 2 70 38 36.67
900235 CAT0000235 5 75 45 41.67
900236 CAT0000236 8 80 52 46.67
900237 CAT0000237 11 85 59 51.67
900238 CAT0000238 14 90 66 56.67
900239 CAT0000239 17 95 73 61.67
900240 CAT0000240 20 0 80 33.33
900241 CAT0000241 23 5 87 38.33
900242 CAT0000242 26 10 94 43.33
900243 CAT0000243 29 15 1 15.00
900244 CAT0000244 32 20 8 20.00
900245 CAT0000245 35 25 15 25.00
900246 CAT0000246 38 30 22 30.00
900247 CAT0000247 41 35 29 35.00
900248 CAT0000248 44 40 36 40.00
900249 CAT0000249 47 45 43 45.00
900250 CAT0000250 50 50 50 50.00
900251 CAT0000251 53 55 57 55.00
900252 CAT0000252 56 60 64 60.00
900253 CAT0000253 59 65 71 65.00
900254 CAT0000254 62 70 78 70.00
900255 CAT0000255 65 75 85 75.00
900256 CAT0000256 68 80 92 80.00
900257 CAT0000257 71 85 99 85.00
900258 CAT0000258 74 90 6 56.67
900259 CAT0000259 77 95 13 61.67
900260 CAT0000260 80 0 20 33.33
900261 CAT0000261 83 5 27 38.33
900262 CAT0000262 86 10 34 43.33
900263 CAT0000263 89 15 41 48.33
900264 CAT0000264 92 20 48 53.33
900265 CAT0000265 95 25 55 58.33
900266 CAT0000266 98 30 62 63.33
900267 CAT0000267 1 35 69 35.00
900268 CAT0000268 4 40 76 40.00
900269 CAT0000269 7 45 83 45.00
900270 CAT0000270 10 50 90 50.00
900271 CAT0000271 13 55 97 55.00
900272 CAT0000272 16 60 4 26.67
900273 CAT0000273 19 65 11 31.67
900274 CAT0000274 22 70 18 36.67
900275 CAT0000275 25 75 25 41.67
900276 CAT0000276 28 80 32 46.67
900277 CAT0000277 31 85 39 51.67
900278 CAT0000278 34 90 46 56.67
900279 CAT0000279 37 95 53 61.67
900280 CAT0000280 40 0 60 33.33
900281 CAT0000281 43 5 67 38.33
900282 CAT0000282 46 10 74 43.33
900283 CAT0000283 49 15 81 48.33
900284 CAT0000284 52 20 88 53.33
900285 CAT0000285 55 25 95 58.33
900286 CAT0000286 58 30 2 30.00
900287 CAT0000287 61 35 9 35.00
900288 CAT0000288 64 40 16 40.00
900289 CAT0000289 67 45 23 45.00
900290 CAT0000290 70 50 30 50.00
900291 CAT0000291 73 55 37 55.00
900292 CAT0000292 76 60 44 60.00
900293 CAT0000293 79 65 51 65.00
900294 CAT0000294 82 70 58 70.00
900295 CAT0000295 85 75 65 75.00
900296 CAT0000296 88 80 72 80.00
900297 CAT0000297 91 85 79 85.00
900298 CAT0000298 94 90 86 90.00
900299 CAT0000299 97 95 93 95.00
900300 CAT0000300 0 0 0 0.00
900301 CAT0000301 3 5 7 5.00
900302 CAT0000302 6 10 14 10.00
900303 CAT0000303 9 15 21 15.00
900304 CAT0000304 12 20 28 20.00
900305 CAT0000305 15 25 35 25.00
900306 CAT0000306 18 30 42 30.00
900307 CAT0000307 21 35 49 35.00
900308 CAT0000308 24 40 56 40.00
900309 CAT0000309 27 45 63 45.00
900310 CAT0000310 30 50 70 50.00
900311 CAT0000311 33 55 77 55.00
900312 CAT0000312 36 60 84 60.00
900313 CAT0000313 39 65 91 65.00
900314 CAT0000314 42 70 98 70.00
900315 CAT0000315 45 75 5 41.67
900316 CAT0000316 48 80 12 46.67
900317 CAT0000317 51 85 19 51.67
900318 CAT0000318 54 90 26 56.67
900319 CAT0000319 57 95 33 61.67
900320 CAT0000320 60 0 40 33.33
900321 CAT0000321 63 5 47 38.33
900322 CAT0000322 66 10 54 43.33
900323 CAT0000323 69 15 61 48.33
900324 CAT0000324 72 20 68 53.33
900325 CAT0000325 75 25 75 58.33
900326 CAT0000326 78 30 82 63.33
900327 CAT0000327 81 35 89 68.33
900328 CAT0000328 84 40 96 73.33
900329 CAT0000329 87 45 3 45.00
900330 CAT0000330 90 50 10 50.00
900331 CAT0000331 93 55 17 55.00
900332 CAT0000332 96 60 24 60.00
900333 CAT0000333 99 65 31 65.00
900334 CAT0000334 2 70 38 36.67
900335 CAT0000335 5 75 45 41.67
900336 CAT0000336 8 80 52 46.67
900337 CAT0000337 11 85 59 51.67
900338 CAT0000338 14 90 66 56.67
900339 CAT0000339 17 95 73 61.67
900340 CAT0000340 20 0 80 33.33
900341 CAT0000341 23 5 87 38.33
900342 CAT0000342 26 10 94 43.33
900343 CAT0000343 29 15 1 15.00
900344 CAT0000344 32 20 8 20.00
900345 CAT0000345 35 25 15 25.00
900346 CAT0000346 38 30 22 30.00
900347 CAT0000347 41 35 29 35.00
900348 CAT0000348 44 40 36 40.00
900349 CAT0000349 47 45 43 45.00
900350 CAT0000350 50 50 50 50.00
900351 CAT0000351 53 55 57 55.00
900352 CAT0000352 56 60 64 60.00
900353 CAT0000353 59 65 71 65.00
900354 CAT0000354 62 70 78 70.00
900355 CAT0000355 65 75 85 75.00
900356 CAT0000356 68 80 92 80.00
900357 CAT0000357 71 85 99 85.00
900358 CAT0000358 74 90 6 56.67
900359 CAT0000359 77 95 13 61.67
900360 CAT0000360 80 0 20 33.33
900361 CAT0000361 83 5 27 38.33
900362 CAT0000362 86 10 34 43.33
900363 CAT0000363 89 15 41 48.33
900364 CAT0000364 92 20 48 53.33
900365 CAT0000365 95 25 55 58.33
900366 CAT0000366 98 30 62 63.33
900367 CAT0000367 1 35 69 35.00
900368 CAT0000368 4 40 76 40.00
900369 CAT0000369 7 45 83 45.00
900370 CAT0000370 10 50 90 50.00
900371 CAT0000371 13 55 97 55.00
900372 CAT0000372 16 60 4 26.67
900373 CAT0000373 19 65 11 31.67
900374 CAT0000374 22 70 18 36.67
900375 CAT0000375 25 75 25 41.67
900376 CAT0000376 28 80 32 46.67
900377 CAT0000377 31 85 39 51.67
900378 CAT0000378 34 90 46 56.67
900379 CAT0000379 37 95 53 61.67
900380 CAT0000380 40 0 60 33.33
900381 CAT0000381 43 5 67 38.33
900382 CAT0000382 46 10 74 43.33
900383 CAT0000383 49 15 81 48.33
900384 CAT0000384 52 20 88 53.33
900385 CAT0000385 55 25 95 58.33
900386 CAT0000386 58 30 2 30.00
900387 CAT0000387 61 35 9 35.00
900388 CAT0000388 64 40 16 40.00
900389 CAT0000389 67 45 23 45.00
900390 CAT0000390 70 50 30 50.00
900391 CAT0000391 73 55 37 55.00
900392 CAT0000392 76 60 44 60.00
900393 CAT0000393 79 65 51 65.00
900394 CAT0000394 82 70 58 70.00
900395 CAT0000395 85 75 65 75.00
900396 CAT0000396 88 80 72 80.00
900397 CAT0000397 91 85 79 85.00
900398 CAT0000398 94 90 86 90.00
900399 CAT0000399 97 95 93 95.00
900400 CAT0000400 0 0 0 0.00
900401 CAT0000401 3 5 7 5.00
900402 CAT0000402 6 10 14 10.00
900403 CAT0000403 9 15 21 15.00
900404 CAT0000404 12 20 28 20.00
900405 CAT0000405 15 25 35 25.00
900406 CAT0000406 18 30 42 30.00
900407 CAT0000407 21 35 49 35.00
900408 CAT0000408 24 40 56 40.00
900409 CAT0000409 27 45 63 45.00
900410 CAT0000410 30 50 70 50.00
900411 CAT0000411 33 55 77 55.00
900412 CAT0000412 36 60 84 60.00
900413 CAT0000413 39 65 91 65.00
900414 CAT0000414 42 70 98 70.00
900415 CAT0000415 45 75 5 41.67
900416 CAT0000416 48 80 12 46.67
900417 CAT0000417 51 85 19 51.67
900418 CAT0000418 54 90 26 56.67
900419 CAT0000419 57 95 33 61.67
900420 CAT0000420 60 0 40 33.33
900421 CAT0000421 63 5 47 38.33
900422 CAT0000422 66 10 54 43.33
900423 CAT0000423 69 15 61 48.33
900424 CAT0000424 72 20 68 53.33
900425 CAT0000425 75 25 75 58.33
900426 CAT0000426 78 30 82 63.33
900427 CAT0000427 81 35 89 68.33
900428 CAT0000428 84 40 96 73.33
900429 CAT0000429 87 45 3 45.00
900430 CAT0000430 90 50 10 50.00
900431 CAT0000431 93 55 17 55.00
900432 CAT0000432 96 60 24 60.00
900433 CAT0000433 99 65 31 65.00
900434 CAT0000434 2 70 38 36.67
900435 CAT0000435 5 75 45 41.67
900436 CAT0000436 8 80 52 46.67
900437 CAT0000437 11 85 59 51.67
900438 CAT0000438 14 90 66 56.67
900439 CAT0000439 17 95 73 61.67
900440 CAT0000440 20 0 80 33.33
900441 CAT0000441 23 5 87 38.33
900442 CAT0000442 26 10 94 43.33
900443 CAT0000443 29 15 1 15.00
900444 CAT0000444 32 20 8 20.00
900445 CAT0000445 35 25 15 25.00
900446 CAT0000446 38 30 22 30.00
900447 CAT0000447 41 35 29 35.00
900448 CAT0000448 44 40 36 40.00
900449 CAT0000449 47 45 43 45.00
900450 CAT0000450 50 50 50 50.00
900451 CAT0000451 53 55 57 55.00
900452 CAT0000452 56 60 64 60.00
900453 CAT0000453 59 65 71 65.00
900454 CAT0000454 62 70 78 70.00
900455 CAT0000455 65 75 85 75.00
900456 CAT0000456 68 80 92 80.00
900457 CAT0000457 71 85 99 85.00
900458 CAT0000458 74 90 6 56.67
900459 CAT0000459 77 95 13 61.67
900460 CAT0000460 80 0 20 33.33
900461 CAT0000461 83 5 27 38.33
900462 CAT0000462 86 10 34 43.33
900463 CAT0000463 89 15 41 48.33
900464 CAT0000464 92 20 48 53.33
900465 CAT0000465 95 25 55 58.33
900466 CAT0000466 98 30 62 63.33
900467 CAT0000467 1 35 69 35.00
900468 CAT0000468 4 40 76 40.00
900469 CAT0000469 7 45 83 45.00
900470 CAT0000470 10 50 90 50.00
900471 CAT0000471 13 55 97 55.00
900472 CAT0000472 16 60 4 26.67
900473 CAT0000473 19 65 11 31.67
900474 CAT0000474 22 70 18 36.67
900475 CAT0000475 25 75 25 41.67
900476 CAT0000476 28 80 32 46.67
900477 CAT0000477 31 85 39 51.67
900478 CAT0000478 34 90 46 56.67
900479 CAT0000479 37 95 53 61.67
900480 CAT0000480 40 0 60 33.33
900481 CAT0000481 43 5 67 38.33
900482 CAT0000482 46 10 74 43.33
900483 CAT0000483 49 15 81 48.33
900484 CAT0000484 52 20 88 53.33
900485 CAT0000485 55 25 95 58.33
900486 CAT0000486 58 30 2 30.00
900487 CAT0000487 61 35 9 35.00
900488 CAT0000488 64 40 16 40.00
900489 CAT0000489 67 45 23 45.00
900490 CAT0000490 70 50 30 50.00
900491 CAT0000491 73 55 37 55.00
900492 CAT0000492 76 60 44 60.00
900493 CAT0000493 79 65 51 65.00
900494 CAT0000494 82 70 58 70.00
900495 CAT0000495 85 75 65 75.00
900496 CAT0000496 88 80 72 80.00
900497 CAT0000497 91 85 79 85.00
900498 CAT0000498 94 90 86 90.00
900499 CAT0000499 97 95 93 95.00
900500 CAT0000500 0 0 0 0.00
Cutest cat is CAT0000099
A: 0 0.00%
B: 0 0.00%
C: 500 100.00%
D: 0 0.00%
E: 0 0.00%
F: 0 0.00%
G: 0 0.00%
H: 0 0.00%
I: 0 0.00%
J: 0 0.00%
K: 0 0.00%
L: 0 0.00%
M: 0 0.00%
N: 0 0.00%
O: 0 0.00%
P: 0 0.00%
Q: 0 0.00%
R: 0 0.00%
S: 0 0.00%
T: 0 0.00%
U: 0 0.00%
V: 0 0.00%
W: 0 0.00%
X: 0 0.00%
Y: 0 0.00%
Z: 0 0.00%
